N = 5: 0.648406 ms
N = 6: 0.082953 ms
N = 7: 1.809301 ms
